## https://zenodo.org/record/3677352#.XlkBApOwmmk
## Version:: 2020Feb20 
NAME			LONG_NAME			RA		DEC		REDSHIFT	 K		errK		W1		errW1		W2		errW2		W3		errW3		W4		errW4		SOURCE			SURVEY				NOTES
J1342+0928		J134208.10+092838.61		205.53375	9.47738888	7.54	 	 20.0099449158	0.119379766285	17.6246681213	0.0796758309007	16.978553772	0.169716209173	12.8339996338	0.497999995947	9.25599956512	-999999488.0 	Banados18		UKIDSS+WISE+DECaLS		highest known redshift (2020 March)
Ponuiaena		J1007				215.0		0.00		7.515	 	 -9.9		-9.9		-9.9		-9.9		-9.9		-9.9		-9.9		-9.9		-9.9		-9.9		Yang			inprep				unpublished
J1120+0641		J112001.48+064124.30		170.00616	6.6900833	7.0842		 19.6133728027	0.0525913760066	16.9384613037	0.0497153103352	16.4744758606	0.127404555678	12.3520002365	-999999488.0	8.19999980927	-999999488.0	Mortlock11		UKIDSS
J0942+1921		J094223.14+192123.55						7.083		 -9.9		-9.9		-9.9		-9.9		-9.9		-9.9		-9.9		-9.9		-9.9		-9.9 		Koptelova&Hwang19	PANSTARRS			(unlikely?)
J1243+0100		J124353.93+010038.50						7.07	 	 -9.9		-9.9		-9.9		-9.9		-9.9		-9.9		-9.9		-9.9		-9.9		-9.9		Matsuoka19		SHELLQs
J0038-1527		J003836.10-152723.60		9.650416	-15.4565555	7.021		 -9.9		-9.9		16.7411575317	0.0412487387657	16.3112239838	0.104508563876	12.3070001602	-999999488.0	8.70400047302	-999999488.0	Wang18			DELS
J0252-0503		J025216.64-050331.80		43.0693333	-5.0588333	7.02	 	 -9.9		-99.9		17.4108085632	0.0741360709071	16.9059181213	0.177119225264	12.5389995575	-999999488.0	9.02000045776	-999999488.0	Yang18			DES-VHS
			J235646.33+001747.30						7.01	 	 -9.9		-9.9		-9.9		-9.9		-9.9		-9.9		-9.9		-9.9		-9.9		-9.9 		Matsuoka19b		SHELLQS
			J160953.03+532821.00						6.92		 -9.9		-9.9		-9.9		-9.9		-9.9		-9.9		-9.9		-9.9		-9.9		-9.9 		Matsuoka19b		SHELLQS
J0839+3900		J083946.88+390011.50		129.945333	39.0031944 	6.905		 -9.9		-9.9		16.4210357666	0.0312390886247	15.6984434128	0.0609197616577	12.2469997406	-999999488.0	8.5860004425	-999999488.0	Wang19			DELS
J2348-3054		J234833.34-305410.00		357.1389	-30.902844	6.9018	 	 20.5186958313	0.109548263252	17.6946983337	0.0904882624745	-999999488.0	-999999488.0	12.1370000839	-999999488.0	9.14000034332	0.486999988556	Venemans13		VIKING
J2210+0304		J221027.24+030428.50		332.6135	3.0745833	6.9	 	 22.9603385925	2.68158650398	-999999488.0	-999999488.0	-999999488.0	-999999488.0	-999999488.0	-999999488.0	-999999488.0	-999999488.0	Matsuoka18		SHELLQs
J2211-6320		J221100.60-632055.80		332.7525	-63.3488333	6.88		 21.0677394867	0.432773560286	18.207780838	0.122136242688	-999999488.0	-999999488.0	-999999488.0	-999999488.0	-999999488.0	-999999488.0	Yang18			DES-VHS
J0246-5219		J024655.90-521949.90		41.7329167	-52.3305278	6.87	 	 -99.9		20.4329433441	0.166970640421	17.4638061523	0.0531817451119	16.9382171631	0.124133691192	-999999488.0	-999999488.0	-999999488.0	Yang18, also Reed19	DES-VHS
			J120505.09-000027.90						6.85		 -9.9		-9.9		-9.9		-9.9		-9.9		-9.9		-9.9		-9.9		-9.9		-9.9		Matsuoka16		SHELLQs
J0020-3653		J002031.47-365341.80		5.1311237	-36.8949476	6.834	 	 19.3191299438	0.0963125005364	16.8671016693	0.0406538359821	16.4126358032	0.101974949241	12.6789999008	-999999488.0	8.34200000763	-999999488.	Reed19			DES-VHS
J0319-1008		J031941.66-100846.00	6.83	 Yang18			DES-VHS
J0411-0907		J041128.62-090749.70	6.82	 Pons18, Wang19		VHS+PANSTARRS+WISE,DELS		independently
			J011257.84+011042.40	6.82	 Matsuoka19b		SHELLQS
J1429-0104		J142903.08-010443.40	6.8	 Matsuoka17		SHELLQs				(possible)



VDES	J0319-1008	49.9235833	-10.1461111	6.82999992371	-99.9	-99.9	21.1372661591	0.276262789965	20.8793773651	0.295126885176	-99.9	-99.9	20.3207569122	0.305867671967	17.1023406982	0.0506654158235	20.9334220886	16.0957221985	0.0787672773004	13.2901420593	12.1239995956	-999999488.0	0.899999976158	8.89999961853	-999999488.0	-999999488.0
DELS	J0411-0907	62.869291	-9.1305		6.80999994278	-99.9	-99.9	-99.9	-99.9	-99.9	-99.9	-99.9	-99.9	-99.9	-99.9	16.8246879578	0.0428948923945	24.8148078918	16.0511856079	0.0786301642656	13.3141794205	12.6219997406	-999999488.0	-999999488.0	8.74600028992	-999999488.0	0.5
SHELLQs	J1429-0104	217.26283333	-1.07872222	6.80000019073	-99.9	-999999488.0	26.47523209	12.23311783894135	-99.9	-99.9	24.1948593524	2.368482550404448	23.0498890832	1.0729975597905508	-999999488.0	-999999488.0	-999999488.0	-999999488.0	-999999488.0	-999999488.0	-999999488.0	-999999488.0	-999999488.0	-999999488.0	-999999488.0	-999999488.0
