\Table name = "DR14Q_v4_4"
\DATE-HDU = "2017-12-08T23:27:28"
\STILVERS = "3.2-1"
\STILCLAS = "uk.ac.starlink.votable.FitsPlusTableWriter"
| ra                 | dec                  |
| double             | double               |
| deg                | deg                  |
| null               | null                 |
  1.0211934028722571   24.000817352474307    
  1.2082739738223722   -0.095871768521711    
  1.340220341004084    -8.895959539916882    
  1.7254499182721192   -0.2592746353653733   
  1.910722743347831    -0.2976233151669651   
  1.936617107701295    -0.5958097865362489   
  1.969619962643748    -0.7567393414619501   
  1.99544051507678     -0.16601376926002942  
  1.9962733354195727   -0.5926329532703709   
  2.0173415482466464   -0.6942261574726616   
  2.067030770818519    -0.1980696262741249   
  2.091967785874605    -0.3841049899129273   
  2.107410278965867    -0.6632256555548561   
  2.198253534742804    -0.33032373320223     
  2.2169020026239536   -0.4610937416891116   
  2.2684130668640137   -0.7257949709892273   
  2.2925408351062937   -0.2087052190064738   
  2.3068134058279384   -0.02017102257496569  
  2.3881050811099267   -1.2239430541636611   
  2.4532225878410827   -0.5815440467208863   
  2.47188890797304     -1.0442301705469563   
  2.4768818935903028   -0.4309874098846421   
  2.5207018852233887   -0.8185650110244751   
  2.538521624751412    -1.2562976787965257   
  2.550007545593332    -1.190489447882582    
  2.5829035627441783   -1.1608811205811729   
  2.8259615712501334   -0.6429567716056206   
  2.9895312836104035   1.4448088024592172    
  3.114557184098544    1.6431563355530017    
  3.54894394890448     -0.8939007897045324   
  3.573536994428593    -0.9090065693080498   
  6.590874727834147    14.289844397399035    
  6.863966997626848    14.595113502834401    
  7.248906758043803    13.940179427292035    
  7.36188577501116     13.116572015678155    
  7.5809460545217755   -4.100432791677579    
  8.054674383410429    12.086356216619153    
  8.131294615964805    11.977556102953766    
  8.322482394917529    11.637851309229848    
  8.5710378586827      11.290921315816956    
  8.6364735956696      10.311043137281317    
  8.801729650669927    10.647790468458565    
  9.144232980405038    9.423940355787176     
  9.280855258593872    8.364176795707548     
  9.524728782410534    9.715549256564973     
  9.791670399389318    8.228781102249567     
  9.819193510200932    8.569358165107014     
  10.768027349838977   5.8298957640995015    
  11.197409777043447   0.8724087521195355    
  11.2400925616279     5.580726295449545     
  11.509107040188155   2.8288134463597365    
  11.888611005023165   -0.7629975042644576   
  12.672943895290075   1.0832002339874705    
  19.005955798255386   -5.08442448812927     
  27.72125707094986    -3.0913293281977743   
  35.21714539316599    1.6197633764096095    
  122.13661736596764   13.100876964364545    
  125.55002607692923   5.651946059322956     
  128.70200489652308   1.9892140380260181    
  128.72385046414038   17.76561287760825     
  129.1722654926811    19.18583936522684     
  129.68332694272686   20.08996046432968     
  129.7142514948509    21.062311380965536    
  130.33853935826687   22.711861541443444    
  131.26246438914825   19.173238091668736    
  131.53135681152344   20.957231521606445    
  132.8532836546363    31.815476435165728    
  133.58808898925778   19.743356704711914    
  133.62675476074222   19.620046615600586    
  133.7111333593941    19.510030506506773    
  133.95075319404842   19.5585670942537      
  134.0421717365486    19.442580826297466    
  134.08703065619588   19.577671184451106    
  134.11030403608768   19.693806972595667    
  134.14173825146827   20.35261590664834     
  134.176250629934     20.380661944480817    
  134.3209010320254    19.586290571599623    
  135.9897785567104    38.89549663368558     
  150.5607386760256    26.36433489074469     
  153.35934841251506   61.205490477598474    
  153.60949714341322   0.4676049261773964    
  156.59204972073368   8.724903552283521     
  158.09926011835566   14.291015016671233    
  171.74069213867188   16.653343200683597    
  174.87953645297029   46.10398439637709     
  176.64644657096326   47.90620941331053     
  178.5904083251953    2.903907060623169     
  178.9541006803646    3.1133440520019735    
  209.99888069543758   5.420083823975376     
  234.3211212158203    15.77537727355957     
  234.32593058892516   15.787891254877234    
  312.8436584472656    -0.705357015132904    
  337.4553970433745    7.929678231025819     
  339.9795888818596    5.80023919536846      
  340.3849356525338    4.769162437847221     
  340.9309565216696    3.954291814965959     
  341.1340770757708    2.5290554432617203    
  341.35129724475286   2.298744121361924     
  341.5036191835066    2.515773600814338     
  342.3003668188784    1.534273960133108     
  342.6577900618993    0.9113287156800436    
  342.70431993746945   -1.5238950148190382   
  342.73290970513256   -0.9726185721988037   
  342.740615857026     -0.9418207530876818   
  342.85577579397443   -0.2602894415124289   
  343.32871843155584   -1.0028443055737677   
  343.3324265805388    -1.0336208215081022   
  343.56636901549825   -1.9079324713563808   
  343.5847201946184    -1.9989518109605016   
  343.8324100913888    -3.4520067386450486   
  343.9492489294252    -2.6695521914049283   
  345.92193603515625   -8.643656730651855    
  358.17869666494835   18.984345471539786    
  359.55504459790114   26.802381977069665    
  359.8248040275638    0.3733270560298488    
