\Table name = "DR14Q_v4_4"
\DATE-HDU = "2017-12-08T23:27:28"
\STILVERS = "3.2-1"
\STILCLAS = "uk.ac.starlink.votable.FitsPlusTableWriter"
| ra                 | dec                 |
| double             | double              |
| deg                | deg                 |
| null               | null                |
  1.0211934028722571   24.000817352474307   
  2.0173415482466464   -0.6942261574726616  
  2.091967785874605    -0.3841049899129273  
  2.198253534742804    -0.33032373320223    
  2.2169020026239536   -0.4610937416891116  
  2.2684130668640137   -0.7257949709892273  
  2.47188890797304     -1.0442301705469563  
  7.5809460545217755   -4.100432791677579   
  19.005955798255386   -5.08442448812927    
  35.21714539316599    1.6197633764096095   
  122.13661736596764   13.100876964364545   
  125.55002607692923   5.651946059322956    
  128.70200489652308   1.9892140380260181   
  129.7142514948509    21.062311380965536   
  132.8532836546363    31.815476435165728   
  133.58808898925778   19.743356704711914   
  133.62675476074222   19.620046615600586   
  133.7111333593941    19.510030506506773   
  133.95075319404842   19.5585670942537     
  134.08703065619588   19.577671184451106   
  135.9897785567104    38.89549663368558    
  153.35934841251506   61.205490477598474   
  158.09926011835566   14.291015016671233   
  174.87953645297029   46.10398439637709    
  176.64644657096326   47.90620941331053    
  209.99888069543758   5.420083823975376    
  234.3211212158203    15.77537727355957    
  312.8436584472656    -0.705357015132904   
  358.17869666494835   18.984345471539786   
